1 2 1.0 
2 4 1.0 3 1.0 5 1.0 
3 
4 
5 7 1.0 6 1.0 
6 8 1.0 9 1.0 10 1.0 
7 11 1.0 12 1.0 
8 
9 
10 
11 
12 14 2.0 13 1.0 
13 
14 15 1.0 16 1.0 
15 
16 19 1.0 18 2.0 
17 20 1.0 
18 21 1.0 22 1.0 
19 20 1.0 23 2.0 
20 
21 
22 25 2.0 24 1.0 
23 26 1.0 25 1.0 
24 
25 27 1.0 
26 
27 
28 30 1.0 29 1.0 31 2.0 
29 32 1.0 33 2.0 
30 
31 35 1.0 36 1.0 
32 38 1.0 37 2.0 
33 40 1.0 39 1.0 
34 38 1.0 
35 41 1.0 42 1.0 
36 
37 44 1.0 43 1.0 
38 
39 43 2.0 45 1.0 
40 
41 
42 47 1.0 46 1.0 
43 48 1.0 
44 
45 
46 51 1.0 50 1.0 49 1.0 
47 52 1.0 54 1.0 53 1.0 
48 
49 
50 
51 
52 
53 
54 
55 58 1.0 56 1.0 57 1.0 59 1.0 
56 
57 
58 
59 61 1.0 60 1.0 
60 64 1.0 62 1.0 63 1.0 
61 65 1.0 66 1.0 
62 
63 
64 
65 67 1.0 68 2.0 
66 
67 
68 69 1.0 70 1.0 
69 72 1.0 71 2.0 
70 
71 74 1.0 75 1.0 
72 76 2.0 77 1.0 
73 75 1.0 
74 78 2.0 79 1.0 
75 
76 80 1.0 78 1.0 
77 
78 81 1.0 
79 
80 
81 
82 83 1.0 
83 84 2.0 85 1.0 
84 86 1.0 87 1.0 
85 88 1.0 89 2.0 
86 90 1.0 
87 91 1.0 92 2.0 
88 
89 92 1.0 93 1.0 
90 
91 94 1.0 95 2.0 
92 96 1.0 
93 
94 
95 97 1.0 98 1.0 
96 
97 99 1.0 100 1.0 
98 
99 
100 102 1.0 101 1.0 
101 105 1.0 104 1.0 103 1.0 
102 106 1.0 107 1.0 108 1.0 
103 
104 
105 
106 
107 
108 
109 111 1.0 110 1.0 112 2.0 
110 113 1.0 114 2.0 
111 116 1.0 115 2.0 
112 118 1.0 117 1.0 
113 
114 120 1.0 121 1.0 
115 123 1.0 122 1.0 
116 119 1.0 
117 122 2.0 124 1.0 
118 
119 
120 125 1.0 126 1.0 
121 
122 127 1.0 
123 
124 
125 
126 129 1.0 128 1.0 
127 
128 132 1.0 131 1.0 130 1.0 
129 133 1.0 135 1.0 134 1.0 
130 
131 
132 
133 
134 
135 
136 139 1.0 137 1.0 138 2.0 
137 140 2.0 141 1.0 
138 142 1.0 143 1.0 
139 144 2.0 145 1.0 
140 147 1.0 146 1.0 
141 
142 149 2.0 150 1.0 
143 148 1.0 
144 151 1.0 149 1.0 
145 
146 153 1.0 152 1.0 
147 
148 
149 154 1.0 
150 
151 
152 
153 155 1.0 156 1.0 
154 
155 157 1.0 158 1.0 159 1.0 
156 160 1.0 162 1.0 161 1.0 
157 
158 
159 
160 
161 
162 
163 164 1.0 
164 166 1.0 
165 167 1.0 
166 169 2.0 168 1.0 
167 168 1.0 170 2.0 
168 171 2.0 
169 172 1.0 173 1.0 
170 174 1.0 175 1.0 
171 177 1.0 176 1.0 
172 
173 178 1.0 176 2.0 
174 179 1.0 180 1.0 
175 
176 181 1.0 
177 
178 
179 
180 183 1.0 182 1.0 
181 
182 186 1.0 185 1.0 184 1.0 
183 187 1.0 188 1.0 189 1.0 
184 
185 
186 
187 
188 
189 
190 191 1.0 
191 192 1.0 194 1.0 193 1.0 
192 196 1.0 195 1.0 
193 
194 
195 198 1.0 197 1.0 
196 199 1.0 201 1.0 200 1.0 
197 202 2.0 203 1.0 
198 
199 
200 
201 
202 205 1.0 204 1.0 
203 
204 206 1.0 207 2.0 
205 
206 210 1.0 209 2.0 
207 212 1.0 211 1.0 
208 210 1.0 
209 214 1.0 213 1.0 
210 
211 213 2.0 215 1.0 
212 
213 216 1.0 
214 
215 
216 
217 218 1.0 
218 221 1.0 220 1.0 219 1.0 
219 
220 
221 223 1.0 222 1.0 
222 224 1.0 225 1.0 
223 226 1.0 227 1.0 228 1.0 
224 230 1.0 229 2.0 
225 
226 
227 
228 
229 231 1.0 232 1.0 
230 
231 234 1.0 233 2.0 
232 
233 236 1.0 237 1.0 
234 238 2.0 239 1.0 
235 237 1.0 
236 240 2.0 241 1.0 
237 
238 242 1.0 240 1.0 
239 
240 243 1.0 
241 
242 
243 
244 246 1.0 245 1.0 247 2.0 
245 248 1.0 249 2.0 
246 251 1.0 250 2.0 
247 253 1.0 252 1.0 
248 
249 255 1.0 256 1.0 
250 258 1.0 257 1.0 
251 254 1.0 
252 257 2.0 259 1.0 
253 
254 
255 260 1.0 261 1.0 
256 
257 262 1.0 
258 
259 
260 
261 264 1.0 263 1.0 
262 
263 267 1.0 266 1.0 265 1.0 
264 268 1.0 270 1.0 269 1.0 
265 
266 
267 
268 
269 
270 
271 274 1.0 272 1.0 273 2.0 
272 275 2.0 276 1.0 
273 277 1.0 278 1.0 
274 279 2.0 280 1.0 
275 282 1.0 281 1.0 
276 
277 284 2.0 285 1.0 
278 283 1.0 
279 286 1.0 284 1.0 
280 
281 288 1.0 287 1.0 
282 
283 
284 289 1.0 
285 
286 
287 
288 290 1.0 291 1.0 
289 
290 292 1.0 293 1.0 294 1.0 
291 295 1.0 297 1.0 296 1.0 
292 
293 
294 
295 
296 
297 
298 300 2.0 301 1.0 299 1.0 
299 302 2.0 303 1.0 
300 304 1.0 305 1.0 
301 
302 307 1.0 306 1.0 
303 308 1.0 
304 309 1.0 307 2.0 
305 
306 310 2.0 311 1.0 
307 312 1.0 
308 
309 
310 314 1.0 313 1.0 
311 
312 
313 316 1.0 315 1.0 
314 
315 
316 317 1.0 318 1.0 
317 321 1.0 319 1.0 320 1.0 
318 324 1.0 322 1.0 323 1.0 
319 
320 
321 
322 
323 
324 
325 328 1.0 326 1.0 327 1.0 329 1.0 
326 
327 
328 
329 331 1.0 330 1.0 
330 334 1.0 332 1.0 333 1.0 
331 335 1.0 336 1.0 
332 
333 
334 
335 337 1.0 338 2.0 
336 
337 
338 339 1.0 340 1.0 
339 342 1.0 341 2.0 
340 
341 344 1.0 345 1.0 
342 346 2.0 347 1.0 
343 345 1.0 
344 348 2.0 349 1.0 
345 
346 350 1.0 348 1.0 
347 
348 351 1.0 
349 
350 
351 
352 353 1.0 
353 354 2.0 355 1.0 
354 356 1.0 357 1.0 
355 358 1.0 359 2.0 
356 360 1.0 
357 361 1.0 362 2.0 
358 
359 362 1.0 363 1.0 
360 
361 364 1.0 365 2.0 
362 366 1.0 
363 
364 
365 367 1.0 368 1.0 
366 
367 369 1.0 370 1.0 
368 
369 
370 372 1.0 371 1.0 
371 375 1.0 374 1.0 373 1.0 
372 376 1.0 377 1.0 378 1.0 
373 
374 
375 
376 
377 
378 
379 380 1.0 
380 383 1.0 381 1.0 382 1.0 
381 
382 384 1.0 385 1.0 
383 
384 387 1.0 386 1.0 
385 390 1.0 389 1.0 388 1.0 
386 391 2.0 392 1.0 
387 
388 
389 
390 
391 394 1.0 393 1.0 
392 
393 395 1.0 396 2.0 
394 
395 399 1.0 398 2.0 
396 401 1.0 400 1.0 
397 399 1.0 
398 403 1.0 402 1.0 
399 
400 402 2.0 404 1.0 
401 
402 405 1.0 
403 
404 
405 
406 407 1.0 
407 410 1.0 409 1.0 408 1.0 
408 
409 
410 412 1.0 411 1.0 
411 413 1.0 414 1.0 
412 415 1.0 416 1.0 417 1.0 
413 419 1.0 418 2.0 
414 
415 
416 
417 
418 420 1.0 421 1.0 
419 
420 423 1.0 422 2.0 
421 
422 425 1.0 426 1.0 
423 427 2.0 428 1.0 
424 426 1.0 
425 429 2.0 430 1.0 
426 
427 431 1.0 429 1.0 
428 
429 432 1.0 
430 
431 
432 
433 435 1.0 436 1.0 434 1.0 
434 437 2.0 438 1.0 
435 
436 440 1.0 439 1.0 
437 442 1.0 441 1.0 
438 
439 445 1.0 444 1.0 443 1.0 
440 446 1.0 447 1.0 448 1.0 
441 449 1.0 450 2.0 
442 
443 
444 
445 
446 
447 
448 
449 452 1.0 453 2.0 
450 455 1.0 454 1.0 
451 452 1.0 
452 
453 456 1.0 457 1.0 
454 457 2.0 458 1.0 
455 
456 
457 459 1.0 
458 
459 
460 461 1.0 
461 462 2.0 463 1.0 
462 464 1.0 465 1.0 
463 466 1.0 467 2.0 
464 468 1.0 
465 469 1.0 470 2.0 
466 
467 470 1.0 471 1.0 
468 
469 472 1.0 473 2.0 
470 474 1.0 
471 
472 
473 475 1.0 476 1.0 
474 
475 477 1.0 478 1.0 
476 
477 
478 480 1.0 479 1.0 
479 483 1.0 482 1.0 481 1.0 
480 484 1.0 485 1.0 486 1.0 
481 
482 
483 
484 
485 
486 
487 488 1.0 
488 490 1.0 489 1.0 491 1.0 
489 
490 
491 493 1.0 492 1.0 
492 496 1.0 494 1.0 495 1.0 
493 497 1.0 498 1.0 
494 
495 
496 
497 499 1.0 500 2.0 
498 
499 
500 501 1.0 502 1.0 
501 504 1.0 503 2.0 
502 
503 506 1.0 507 1.0 
504 508 2.0 509 1.0 
505 507 1.0 
506 510 2.0 511 1.0 
507 
508 512 1.0 510 1.0 
509 
510 513 1.0 
511 
512 
513 
514 517 1.0 515 1.0 516 2.0 
515 518 2.0 519 1.0 
516 520 1.0 521 1.0 
517 522 2.0 523 1.0 
518 525 1.0 524 1.0 
519 
520 527 2.0 528 1.0 
521 526 1.0 
522 529 1.0 527 1.0 
523 
524 531 1.0 530 1.0 
525 
526 
527 532 1.0 
528 
529 
530 
531 533 1.0 534 1.0 
532 
533 535 1.0 536 1.0 537 1.0 
534 538 1.0 540 1.0 539 1.0 
535 
536 
537 
538 
539 
540 
541 542 1.0 
542 543 1.0 544 1.0 
543 545 1.0 546 2.0 
544 547 1.0 548 1.0 
545 
546 549 1.0 550 1.0 
547 553 1.0 551 1.0 552 1.0 
548 556 1.0 554 1.0 555 1.0 
549 558 1.0 557 2.0 
550 
551 
552 
553 
554 
555 
556 
557 560 1.0 561 1.0 
558 562 2.0 563 1.0 
559 561 1.0 
560 564 2.0 565 1.0 
561 
562 566 1.0 564 1.0 
563 
564 567 1.0 
565 
566 
567 
568 569 1.0 
569 572 1.0 571 1.0 570 1.0 
570 
571 
572 574 1.0 573 1.0 
573 575 1.0 576 1.0 
574 577 1.0 578 1.0 579 1.0 
575 581 1.0 580 2.0 
576 
577 
578 
579 
580 582 1.0 583 1.0 
581 
582 585 1.0 584 2.0 
583 
584 587 1.0 588 1.0 
585 589 2.0 590 1.0 
586 588 1.0 
587 591 2.0 592 1.0 
588 
589 593 1.0 591 1.0 
590 
591 594 1.0 
592 
593 
594 
595 597 1.0 596 1.0 598 2.0 
596 599 1.0 600 2.0 
597 602 1.0 601 2.0 
598 604 1.0 603 1.0 
599 
600 606 1.0 607 1.0 
601 609 1.0 608 1.0 
602 605 1.0 
603 608 2.0 610 1.0 
604 
605 
606 611 1.0 612 1.0 
607 
608 613 1.0 
609 
610 
611 
612 615 1.0 614 1.0 
613 
614 618 1.0 617 1.0 616 1.0 
615 619 1.0 621 1.0 620 1.0 
616 
617 
618 
619 
620 
621 
622 625 1.0 623 1.0 624 2.0 
623 626 2.0 627 1.0 
624 628 1.0 629 1.0 
625 630 2.0 631 1.0 
626 633 1.0 632 1.0 
627 
628 635 2.0 636 1.0 
629 634 1.0 
630 637 1.0 635 1.0 
631 
632 639 1.0 638 1.0 
633 
634 
635 640 1.0 
636 
637 
638 
639 641 1.0 642 1.0 
640 
641 643 1.0 644 1.0 645 1.0 
642 646 1.0 648 1.0 647 1.0 
643 
644 
645 
646 
647 
648 
649 650 2.0 651 1.0 652 1.0 
650 654 1.0 653 1.0 
651 655 2.0 656 1.0 
652 657 1.0 
653 658 2.0 659 1.0 
654 660 2.0 661 1.0 
655 660 1.0 662 1.0 
656 
657 
658 664 1.0 663 1.0 
659 
660 665 1.0 
661 
662 
663 667 1.0 666 1.0 
664 
665 
666 
667 668 1.0 669 1.0 
668 672 1.0 670 1.0 671 1.0 
669 675 1.0 673 1.0 674 1.0 
670 
671 
672 
673 
674 
675 
676 677 2.0 678 1.0 679 1.0 
677 681 1.0 680 1.0 
678 682 1.0 683 1.0 
679 
680 684 1.0 685 2.0 
681 
682 
683 688 1.0 687 1.0 
684 689 1.0 690 2.0 
685 692 1.0 691 1.0 
686 689 1.0 
687 695 1.0 694 1.0 693 1.0 
688 696 1.0 697 1.0 698 1.0 
689 
690 699 1.0 700 1.0 
691 700 2.0 701 1.0 
692 
693 
694 
695 
696 
697 
698 
699 
700 702 1.0 
701 
702 
703 704 1.0 
704 705 2.0 706 1.0 
705 707 1.0 708 1.0 
706 709 1.0 710 2.0 
707 711 1.0 
708 712 1.0 713 2.0 
709 
710 713 1.0 714 1.0 
711 
712 715 1.0 716 2.0 
713 717 1.0 
714 
715 
716 718 1.0 719 1.0 
717 
718 720 1.0 721 1.0 
719 
720 
721 723 1.0 722 1.0 
722 726 1.0 725 1.0 724 1.0 
723 727 1.0 728 1.0 729 1.0 
724 
725 
726 
727 
728 
729 
730 731 1.0 
731 734 1.0 733 1.0 732 1.0 
732 
733 
734 736 1.0 735 1.0 
735 737 1.0 738 1.0 
736 739 1.0 740 1.0 741 1.0 
737 743 1.0 742 2.0 
738 
739 
740 
741 
742 744 1.0 745 1.0 
743 
744 747 1.0 746 2.0 
745 
746 749 1.0 750 1.0 
747 751 2.0 752 1.0 
748 750 1.0 
749 753 2.0 754 1.0 
750 
751 755 1.0 753 1.0 
752 
753 756 1.0 
754 
755 
756 
757 758 1.0 759 1.0 761 1.0 760 1.0 
758 
759 
760 762 1.0 763 1.0 
761 
762 765 1.0 764 1.0 
763 768 1.0 767 1.0 766 1.0 
764 769 2.0 770 1.0 
765 
766 
767 
768 
769 772 1.0 771 1.0 
770 
771 773 1.0 774 2.0 
772 
773 776 1.0 777 2.0 
774 779 1.0 778 1.0 
775 776 1.0 
776 
777 780 1.0 781 1.0 
778 781 2.0 782 1.0 
779 
780 
781 783 1.0 
782 
783 
784 785 2.0 787 1.0 786 1.0 
785 789 1.0 788 1.0 
786 790 2.0 791 1.0 
787 
788 792 1.0 793 2.0 
789 795 1.0 794 2.0 
790 794 1.0 796 1.0 
791 
792 
793 798 1.0 799 1.0 
794 800 1.0 
795 797 1.0 
796 
797 
798 801 1.0 802 1.0 
799 
800 
801 
802 804 1.0 803 1.0 
803 807 1.0 806 1.0 805 1.0 
804 808 1.0 810 1.0 809 1.0 
805 
806 
807 
808 
809 
810 
811 812 1.0 
812 813 2.0 814 1.0 
813 816 1.0 815 1.0 
814 817 1.0 818 1.0 
815 819 1.0 820 2.0 
816 
817 
818 823 1.0 822 1.0 
819 825 1.0 824 2.0 
820 827 1.0 826 1.0 
821 825 1.0 
822 830 1.0 829 1.0 828 1.0 
823 831 1.0 833 1.0 832 1.0 
824 835 1.0 834 1.0 
825 
826 834 2.0 836 1.0 
827 
828 
829 
830 
831 
832 
833 
834 837 1.0 
835 
836 
837 
838 840 1.0 839 1.0 841 2.0 
839 842 1.0 843 2.0 
840 845 1.0 844 2.0 
841 847 1.0 846 1.0 
842 
843 849 1.0 850 1.0 
844 852 1.0 851 1.0 
845 848 1.0 
846 851 2.0 853 1.0 
847 
848 
849 854 1.0 855 1.0 
850 
851 856 1.0 
852 
853 
854 
855 858 1.0 857 1.0 
856 
857 861 1.0 860 1.0 859 1.0 
858 862 1.0 864 1.0 863 1.0 
859 
860 
861 
862 
863 
864 
865 868 1.0 866 1.0 867 1.0 869 1.0 
866 
867 
868 
869 871 1.0 870 1.0 
870 874 1.0 872 1.0 873 1.0 
871 875 1.0 876 1.0 
872 
873 
874 
875 877 1.0 878 2.0 
876 
877 
878 879 1.0 880 1.0 
879 882 1.0 881 2.0 
880 
881 884 1.0 885 1.0 
882 886 2.0 887 1.0 
883 885 1.0 
884 888 2.0 889 1.0 
885 
886 890 1.0 888 1.0 
887 
888 891 1.0 
889 
890 
891 
892 893 1.0 894 1.0 
893 
894 897 2.0 896 1.0 
895 898 1.0 
896 898 1.0 899 2.0 
897 900 1.0 901 1.0 
898 902 2.0 
899 904 1.0 903 1.0 
900 
901 905 1.0 903 2.0 
902 906 1.0 907 1.0 
903 908 1.0 
904 
905 
906 909 1.0 910 1.0 
907 
908 
909 
910 912 1.0 911 1.0 
911 915 1.0 914 1.0 913 1.0 
912 916 1.0 917 1.0 918 1.0 
913 
914 
915 
916 
917 
918 
919 920 1.0 
920 921 2.0 922 1.0 
921 923 1.0 924 1.0 
922 925 1.0 926 2.0 
923 927 1.0 
924 928 1.0 929 2.0 
925 
926 929 1.0 930 1.0 
927 
928 931 1.0 932 2.0 
929 933 1.0 
930 
931 
932 934 1.0 935 1.0 
933 
934 936 1.0 937 1.0 
935 
936 
937 939 1.0 938 1.0 
938 942 1.0 941 1.0 940 1.0 
939 943 1.0 944 1.0 945 1.0 
940 
941 
942 
943 
944 
945 
946 947 1.0 
947 948 1.0 949 1.0 950 1.0 
948 
949 
950 951 1.0 952 1.0 
951 953 1.0 954 1.0 
952 955 1.0 957 1.0 956 1.0 
953 959 1.0 958 2.0 
954 
955 
956 
957 
958 960 1.0 961 1.0 
959 
960 963 1.0 962 2.0 
961 
962 965 1.0 966 1.0 
963 967 2.0 968 1.0 
964 966 1.0 
965 969 2.0 970 1.0 
966 
967 971 1.0 969 1.0 
968 
969 972 1.0 
970 
971 
972 
973 974 1.0 
974 977 1.0 976 1.0 975 1.0 
975 
976 
977 979 1.0 978 1.0 
978 980 1.0 981 1.0 
979 982 1.0 983 1.0 984 1.0 
980 986 1.0 985 2.0 
981 
982 
983 
984 
985 987 1.0 988 1.0 
986 
987 990 1.0 989 2.0 
988 
989 992 1.0 993 1.0 
990 994 2.0 995 1.0 
991 993 1.0 
992 996 2.0 997 1.0 
993 
994 998 1.0 996 1.0 
995 
996 999 1.0 
997 
998 
999 
1000 1003 1.0 1001 1.0 1002 1.0 1004 1.0 
1001 
1002 
1003 
1004 1006 1.0 1005 1.0 
1005 1009 1.0 1007 1.0 1008 1.0 
1006 1010 1.0 1011 1.0 
1007 
1008 
1009 
1010 1012 1.0 1013 2.0 
1011 
1012 
1013 1014 1.0 1015 1.0 
1014 1017 1.0 1016 2.0 
1015 
1016 1019 1.0 1020 1.0 
1017 1021 2.0 1022 1.0 
1018 1020 1.0 
1019 1023 2.0 1024 1.0 
1020 
1021 1025 1.0 1023 1.0 
1022 
1023 1026 1.0 
1024 
1025 
1026 
1027 1028 1.0 
1028 1029 2.0 1030 1.0 
1029 1031 1.0 1032 1.0 
1030 1033 1.0 1034 2.0 
1031 1035 1.0 
1032 1036 1.0 1037 2.0 
1033 
1034 1037 1.0 1038 1.0 
1035 
1036 1039 1.0 1040 2.0 
1037 1041 1.0 
1038 
1039 
1040 1042 1.0 1043 1.0 
1041 
1042 1044 1.0 1045 1.0 
1043 
1044 
1045 1047 1.0 1046 1.0 
1046 1050 1.0 1049 1.0 1048 1.0 
1047 1051 1.0 1052 1.0 1053 1.0 
1048 
1049 
1050 
1051 
1052 
1053 
1054 1056 1.0 1055 1.0 1057 2.0 
1055 1058 1.0 1059 2.0 
1056 1061 1.0 1060 2.0 
1057 1063 1.0 1062 1.0 
1058 
1059 1065 1.0 1066 1.0 
1060 1068 1.0 1067 1.0 
1061 1064 1.0 
1062 1067 2.0 1069 1.0 
1063 
1064 
1065 1070 1.0 1071 1.0 
1066 
1067 1072 1.0 
1068 
1069 
1070 
1071 1074 1.0 1073 1.0 
1072 
1073 1077 1.0 1076 1.0 1075 1.0 
1074 1078 1.0 1080 1.0 1079 1.0 
1075 
1076 
1077 
1078 
1079 
1080 
1081 1083 2.0 1082 1.0 1084 1.0 
1082 1085 2.0 1086 1.0 
1083 1088 1.0 1087 1.0 
1084 
1085 1090 1.0 1089 1.0 
1086 
1087 
1088 1090 2.0 1091 1.0 
1089 1093 1.0 1092 2.0 
1090 1094 1.0 
1091 
1092 1095 1.0 1096 1.0 
1093 
1094 1097 1.0 
1095 1098 1.0 1099 1.0 
1096 
1097 
1098 
1099 1101 1.0 1100 1.0 
1100 1104 1.0 1103 1.0 1102 1.0 
1101 1105 1.0 1106 1.0 1107 1.0 
1102 
1103 
1104 
1105 
1106 
1107 
1108 1112 1.0 1111 1.0 1109 1.0 1110 1.0 
1109 
1110 
1111 
1112 1113 1.0 1114 1.0 
1113 1117 1.0 1115 1.0 1116 1.0 
1114 1118 1.0 1119 1.0 
1115 
1116 
1117 
1118 1120 1.0 1121 2.0 
1119 
1120 
1121 1122 1.0 1123 1.0 
1122 1125 1.0 1124 2.0 
1123 
1124 1127 1.0 1128 1.0 
1125 1129 2.0 1130 1.0 
1126 1128 1.0 
1127 1131 2.0 1132 1.0 
1128 
1129 1133 1.0 1131 1.0 
1130 
1131 1134 1.0 
1132 
1133 
1134 
1135 1136 1.0 
1136 1138 2.0 1139 1.0 
1137 1140 1.0 
1138 1142 1.0 1141 1.0 
1139 1144 1.0 1143 2.0 
1140 1143 1.0 
1141 1146 1.0 1145 1.0 
1142 
1143 1147 1.0 
1144 1148 2.0 1149 1.0 
1145 
1146 1150 1.0 1151 1.0 
1147 1152 2.0 1153 1.0 
1148 1154 1.0 1152 1.0 
1149 
1150 1157 1.0 1155 1.0 1156 1.0 
1151 1160 1.0 1158 1.0 1159 1.0 
1152 1161 1.0 
1153 
1154 
1155 
1156 
1157 
1158 
1159 
1160 
1161 
1162 1163 1.0 
1163 1166 1.0 1165 1.0 1164 1.0 
1164 
1165 
1166 1168 1.0 1167 1.0 
1167 1169 1.0 1170 1.0 
1168 1171 1.0 1172 1.0 1173 1.0 
1169 1175 1.0 1174 2.0 
1170 
1171 
1172 
1173 
1174 1176 1.0 1177 1.0 
1175 
1176 1179 1.0 1178 2.0 
1177 
1178 1181 1.0 1182 1.0 
1179 1183 2.0 1184 1.0 
1180 1182 1.0 
1181 1185 2.0 1186 1.0 
1182 
1183 1187 1.0 1185 1.0 
1184 
1185 1188 1.0 
1186 
1187 
1188 
1189 1192 1.0 1190 1.0 1191 1.0 1193 1.0 
1190 
1191 
1192 
1193 1195 1.0 1194 1.0 
1194 1198 1.0 1196 1.0 1197 1.0 
1195 1199 1.0 1200 1.0 
1196 
1197 
1198 
1199 1201 1.0 1202 2.0 
1200 
1201 
1202 1203 1.0 1204 1.0 
1203 1206 1.0 1205 2.0 
1204 
1205 1208 1.0 1209 1.0 
1206 1210 2.0 1211 1.0 
1207 1209 1.0 
1208 1212 2.0 1213 1.0 
1209 
1210 1214 1.0 1212 1.0 
1211 
1212 1215 1.0 
1213 
1214 
1215 
1216 1217 1.0 
1217 1218 2.0 1219 1.0 
1218 1220 1.0 1221 1.0 
1219 1222 1.0 1223 2.0 
1220 1224 1.0 
1221 1225 1.0 1226 2.0 
1222 
1223 1226 1.0 1227 1.0 
1224 
1225 1228 1.0 1229 2.0 
1226 1230 1.0 
1227 
1228 
1229 1231 1.0 1232 1.0 
1230 
1231 1233 1.0 1234 1.0 
1232 
1233 
1234 1236 1.0 1235 1.0 
1235 1239 1.0 1238 1.0 1237 1.0 
1236 1240 1.0 1241 1.0 1242 1.0 
1237 
1238 
1239 
1240 
1241 
1242 
1243 1244 1.0 
1244 1247 1.0 1246 1.0 1245 1.0 
1245 
1246 
1247 1249 1.0 1248 1.0 
1248 1250 1.0 1251 1.0 
1249 1252 1.0 1253 1.0 1254 1.0 
1250 1256 1.0 1255 2.0 
1251 
1252 
1253 
1254 
1255 1257 1.0 1258 1.0 
1256 
1257 1260 1.0 1259 2.0 
1258 
1259 1262 1.0 1263 1.0 
1260 1264 2.0 1265 1.0 
1261 1263 1.0 
1262 1266 2.0 1267 1.0 
1263 
1264 1268 1.0 1266 1.0 
1265 
1266 1269 1.0 
1267 
1268 
1269 
1270 1273 1.0 1271 1.0 1272 2.0 
1271 1274 2.0 1275 1.0 
1272 1276 1.0 1277 1.0 
1273 1278 2.0 1279 1.0 
1274 1281 1.0 1280 1.0 
1275 
1276 1283 2.0 1284 1.0 
1277 1282 1.0 
1278 1285 1.0 1283 1.0 
1279 
1280 1287 1.0 1286 1.0 
1281 
1282 
1283 1288 1.0 
1284 
1285 
1286 
1287 1289 1.0 1290 1.0 
1288 
1289 1293 1.0 1291 1.0 1292 1.0 
1290 1296 1.0 1294 1.0 1295 1.0 
1291 
1292 
1293 
1294 
1295 
1296 
1297 1299 1.0 1298 1.0 1300 2.0 
1298 1301 1.0 1302 2.0 
1299 1304 1.0 1303 2.0 
1300 1306 1.0 1305 1.0 
1301 
1302 1308 1.0 1309 1.0 
1303 1311 1.0 1310 1.0 
1304 1307 1.0 
1305 1310 2.0 1312 1.0 
1306 
1307 
1308 1313 1.0 1314 1.0 
1309 
1310 1315 1.0 
1311 
1312 
1313 
1314 1317 1.0 1316 1.0 
1315 
1316 1320 1.0 1319 1.0 1318 1.0 
1317 1321 1.0 1323 1.0 1322 1.0 
1318 
1319 
1320 
1321 
1322 
1323 
1324 1326 2.0 1327 1.0 1325 1.0 
1325 1328 1.0 1329 2.0 
1326 1331 1.0 1330 1.0 
1327 
1328 1332 2.0 1333 1.0 
1329 1334 1.0 1335 1.0 
1330 1336 1.0 1334 2.0 
1331 
1332 1338 1.0 1337 1.0 
1333 
1334 1340 1.0 
1335 1339 1.0 
1336 
1337 1342 1.0 1341 1.0 
1338 
1339 
1340 
1341 
1342 1343 1.0 1344 1.0 
1343 1345 1.0 1346 1.0 1347 1.0 
1344 1348 1.0 1350 1.0 1349 1.0 
1345 
1346 
1347 
1348 
1349 
1350 
1351 1353 1.0 1354 1.0 1352 1.0 
1352 1355 2.0 1356 1.0 
1353 
1354 1358 1.0 1357 1.0 
1355 1360 1.0 1359 1.0 
1356 
1357 1363 1.0 1362 1.0 1361 1.0 
1358 1364 1.0 1366 1.0 1365 1.0 
1359 1367 1.0 1368 2.0 
1360 
1361 
1362 
1363 
1364 
1365 
1366 
1367 1371 1.0 1370 2.0 
1368 1373 1.0 1372 1.0 
1369 1371 1.0 
1370 1375 1.0 1374 1.0 
1371 
1372 1374 2.0 1376 1.0 
1373 
1374 1377 1.0 
1375 
1376 
1377 
1378 1381 1.0 1379 1.0 1380 1.0 1382 1.0 
1379 
1380 
1381 
1382 1384 1.0 1383 1.0 
1383 1387 1.0 1385 1.0 1386 1.0 
1384 1388 1.0 1389 1.0 
1385 
1386 
1387 
1388 1390 1.0 1391 2.0 
1389 
1390 
1391 1392 1.0 1393 1.0 
1392 1395 1.0 1394 2.0 
1393 
1394 1397 1.0 1398 1.0 
1395 1399 2.0 1400 1.0 
1396 1398 1.0 
1397 1401 2.0 1402 1.0 
1398 
1399 1403 1.0 1401 1.0 
1400 
1401 1404 1.0 
1402 
1403 
1404 
1405 1406 1.0 
1406 1407 2.0 1408 1.0 
1407 1409 1.0 1410 1.0 
1408 1411 1.0 1412 2.0 
1409 1413 1.0 
1410 1414 1.0 1415 2.0 
1411 
1412 1415 1.0 1416 1.0 
1413 
1414 1417 1.0 1418 2.0 
1415 1419 1.0 
1416 
1417 
1418 1420 1.0 1421 1.0 
1419 
1420 1422 1.0 1423 1.0 
1421 
1422 
1423 1425 1.0 1424 1.0 
1424 1428 1.0 1427 1.0 1426 1.0 
1425 1429 1.0 1430 1.0 1431 1.0 
1426 
1427 
1428 
1429 
1430 
1431 
1432 1433 1.0 
1433 1436 1.0 1435 1.0 1434 1.0 
1434 
1435 
1436 1438 1.0 1437 1.0 
1437 1439 1.0 1440 1.0 
1438 1441 1.0 1442 1.0 1443 1.0 
1439 1445 1.0 1444 2.0 
1440 
1441 
1442 
1443 
1444 1446 1.0 1447 1.0 
1445 
1446 1449 1.0 1448 2.0 
1447 
1448 1451 1.0 1452 1.0 
1449 1453 2.0 1454 1.0 
1450 1452 1.0 
1451 1455 2.0 1456 1.0 
1452 
1453 1457 1.0 1455 1.0 
1454 
1455 1458 1.0 
1456 
1457 
1458 
1459 1461 1.0 1460 1.0 1462 2.0 
1460 1463 1.0 1464 2.0 
1461 1466 1.0 1465 2.0 
1462 1468 1.0 1467 1.0 
1463 
1464 1470 1.0 1471 1.0 
1465 1473 1.0 1472 1.0 
1466 1469 1.0 
1467 1472 2.0 1474 1.0 
1468 
1469 
1470 1475 1.0 1476 1.0 
1471 
1472 1477 1.0 
1473 
1474 
1475 
1476 1479 1.0 1478 1.0 
1477 
1478 1482 1.0 1481 1.0 1480 1.0 
1479 1483 1.0 1485 1.0 1484 1.0 
1480 
1481 
1482 
1483 
1484 
1485 
1486 1487 1.0 
1487 1488 1.0 1490 1.0 1489 1.0 
1488 1492 1.0 1491 1.0 
1489 
1490 
1491 1494 1.0 1493 1.0 
1492 1495 1.0 1497 1.0 1496 1.0 
1493 1498 2.0 1499 1.0 
1494 
1495 
1496 
1497 
1498 1501 1.0 1500 1.0 
1499 
1500 1502 1.0 1503 2.0 
1501 
1502 1506 1.0 1505 2.0 
1503 1508 1.0 1507 1.0 
1504 1506 1.0 
1505 1510 1.0 1509 1.0 
1506 
1507 1509 2.0 1511 1.0 
1508 
1509 1512 1.0 
1510 
1511 
1512 
1513 1514 1.0 
1514 1517 1.0 1516 1.0 1515 1.0 
1515 
1516 
1517 1519 1.0 1518 1.0 
1518 1520 1.0 1521 1.0 
1519 1522 1.0 1523 1.0 1524 1.0 
1520 1526 1.0 1525 2.0 
1521 
1522 
1523 
1524 
1525 1527 1.0 1528 1.0 
1526 
1527 1530 1.0 1529 2.0 
1528 
1529 1532 1.0 1533 1.0 
1530 1534 2.0 1535 1.0 
1531 1533 1.0 
1532 1536 2.0 1537 1.0 
1533 
1534 1538 1.0 1536 1.0 
1535 
1536 1539 1.0 
1537 
1538 
1539 
1540 1542 1.0 1541 1.0 1543 2.0 
1541 1544 1.0 1545 2.0 
1542 1547 1.0 1546 2.0 
1543 1549 1.0 1548 1.0 
1544 
1545 1551 1.0 1552 1.0 
1546 1554 1.0 1553 1.0 
1547 1550 1.0 
1548 1553 2.0 1555 1.0 
1549 
1550 
1551 1556 1.0 1557 1.0 
1552 
1553 1558 1.0 
1554 
1555 
1556 
1557 1560 1.0 1559 1.0 
1558 
1559 1563 1.0 1562 1.0 1561 1.0 
1560 1564 1.0 1566 1.0 1565 1.0 
1561 
1562 
1563 
1564 
1565 
1566 
1567 1570 1.0 1568 1.0 1569 1.0 1571 1.0 
1568 
1569 
1570 
1571 1573 1.0 1572 1.0 
1572 1576 1.0 1574 1.0 1575 1.0 
1573 1577 1.0 1578 1.0 
1574 
1575 
1576 
1577 1579 1.0 1580 2.0 
1578 
1579 
1580 1581 1.0 1582 1.0 
1581 1584 1.0 1583 2.0 
1582 
1583 1586 1.0 1587 1.0 
1584 1588 2.0 1589 1.0 
1585 1587 1.0 
1586 1590 2.0 1591 1.0 
1587 
1588 1592 1.0 1590 1.0 
1589 
1590 1593 1.0 
1591 
1592 
1593 
1594 1595 1.0 1596 1.0 
1595 
1596 1599 2.0 1598 1.0 
1597 1600 1.0 
1598 1600 1.0 1601 2.0 
1599 1602 1.0 1603 1.0 
1600 1604 2.0 
1601 1606 1.0 1605 1.0 
1602 
1603 1607 1.0 1605 2.0 
1604 1608 1.0 1609 1.0 
1605 1610 1.0 
1606 
1607 
1608 1611 1.0 1612 1.0 
1609 
1610 
1611 
1612 1614 1.0 1613 1.0 
1613 1617 1.0 1616 1.0 1615 1.0 
1614 1618 1.0 1619 1.0 1620 1.0 
1615 
1616 
1617 
1618 
1619 
1620 
1621 1622 1.0 
1622 1623 2.0 1624 1.0 
1623 1625 1.0 1626 1.0 
1624 1627 1.0 1628 2.0 
1625 1629 1.0 
1626 1630 1.0 1631 2.0 
1627 
1628 1631 1.0 1632 1.0 
1629 
1630 1633 1.0 1634 2.0 
1631 1635 1.0 
1632 
1633 
1634 1636 1.0 1637 1.0 
1635 
1636 1638 1.0 1639 1.0 
1637 
1638 
1639 1641 1.0 1640 1.0 
1640 1644 1.0 1643 1.0 1642 1.0 
1641 1645 1.0 1646 1.0 1647 1.0 
1642 
1643 
1644 
1645 
1646 
1647 
1648 1649 1.0 
1649 1652 1.0 1651 1.0 1650 1.0 
1650 
1651 
1652 1654 1.0 1653 1.0 
1653 1655 1.0 1656 1.0 
1654 1657 1.0 1658 1.0 1659 1.0 
1655 1661 1.0 1660 2.0 
1656 
1657 
1658 
1659 
1660 1662 1.0 1663 1.0 
1661 
1662 1665 1.0 1664 2.0 
1663 
1664 1667 1.0 1668 1.0 
1665 1669 2.0 1670 1.0 
1666 1668 1.0 
1667 1671 2.0 1672 1.0 
1668 
1669 1673 1.0 1671 1.0 
1670 
1671 1674 1.0 
1672 
1673 
1674 
1675 1678 1.0 1676 1.0 1677 2.0 
1676 1679 2.0 1680 1.0 
1677 1681 1.0 1682 1.0 
1678 1683 2.0 1684 1.0 
1679 1686 1.0 1685 1.0 
1680 
1681 1688 2.0 1689 1.0 
1682 1687 1.0 
1683 1690 1.0 1688 1.0 
1684 
1685 1692 1.0 1691 1.0 
1686 
1687 
1688 1693 1.0 
1689 
1690 
1691 
1692 1694 1.0 1695 1.0 
1693 
1694 1696 1.0 1697 1.0 1698 1.0 
1695 1699 1.0 1701 1.0 1700 1.0 
1696 
1697 
1698 
1699 
1700 
1701 
1702 1704 1.0 1703 1.0 1705 2.0 
1703 1706 1.0 1707 2.0 
1704 
1705 1709 1.0 1710 1.0 
1706 1712 1.0 1711 2.0 
1707 1714 1.0 1713 1.0 
1708 1712 1.0 
1709 1715 1.0 1716 1.0 
1710 
1711 1718 1.0 1717 1.0 
1712 
1713 1717 2.0 1719 1.0 
1714 
1715 
1716 1721 1.0 1720 1.0 
1717 1722 1.0 
1718 
1719 
1720 1725 1.0 1724 1.0 1723 1.0 
1721 1726 1.0 1728 1.0 1727 1.0 
1722 
1723 
1724 
1725 
1726 
1727 
1728 
1729 1732 1.0 1730 1.0 1731 1.0 1733 1.0 
1730 
1731 
1732 
1733 1735 1.0 1734 1.0 
1734 1738 1.0 1736 1.0 1737 1.0 
1735 1739 1.0 1740 1.0 
1736 
1737 
1738 
1739 1741 1.0 1742 2.0 
1740 
1741 
1742 1743 1.0 1744 1.0 
1743 1746 1.0 1745 2.0 
1744 
1745 1748 1.0 1749 1.0 
1746 1750 2.0 1751 1.0 
1747 1749 1.0 
1748 1752 2.0 1753 1.0 
1749 
1750 1754 1.0 1752 1.0 
1751 
1752 1755 1.0 
1753 
1754 
1755 
1756 1757 1.0 
1757 1758 2.0 1759 1.0 
1758 1760 1.0 1761 1.0 
1759 1762 1.0 1763 2.0 
1760 1764 1.0 
1761 1765 1.0 1766 2.0 
1762 
1763 1766 1.0 1767 1.0 
1764 
1765 1768 1.0 1769 2.0 
1766 1770 1.0 
1767 
1768 
1769 1771 1.0 1772 1.0 
1770 
1771 1773 1.0 1774 1.0 
1772 
1773 
1774 1776 1.0 1775 1.0 
1775 1779 1.0 1778 1.0 1777 1.0 
1776 1780 1.0 1781 1.0 1782 1.0 
1777 
1778 
1779 
1780 
1781 
1782 
1783 1784 1.0 
1784 1787 1.0 1786 1.0 1785 1.0 
1785 
1786 
1787 1789 1.0 1788 1.0 
1788 1790 1.0 1791 1.0 
1789 1792 1.0 1793 1.0 1794 1.0 
1790 1796 1.0 1795 2.0 
1791 
1792 
1793 
1794 
1795 1797 1.0 1798 1.0 
1796 
1797 1800 1.0 1799 2.0 
1798 
1799 1802 1.0 1803 1.0 
1800 1804 2.0 1805 1.0 
1801 1803 1.0 
1802 1806 2.0 1807 1.0 
1803 
1804 1808 1.0 1806 1.0 
1805 
1806 1809 1.0 
1807 
1808 
1809 
1810 1811 2.0 1812 1.0 1813 1.0 
1811 1815 1.0 1814 1.0 
1812 1816 2.0 1817 1.0 
1813 1818 1.0 
1814 1819 2.0 1820 1.0 
1815 1821 2.0 1822 1.0 
1816 1821 1.0 1823 1.0 
1817 
1818 
1819 1825 1.0 1824 1.0 
1820 
1821 1826 1.0 
1822 
1823 
1824 1828 1.0 1827 1.0 
1825 
1826 
1827 
1828 1829 1.0 1830 1.0 
1829 1831 1.0 1832 1.0 1833 1.0 
1830 1834 1.0 1836 1.0 1835 1.0 
1831 
1832 
1833 
1834 
1835 
1836 
1837 1839 1.0 1838 1.0 1840 2.0 
1838 1841 1.0 1842 2.0 
1839 1844 1.0 1843 2.0 
1840 1846 1.0 1845 1.0 
1841 
1842 1848 1.0 1849 1.0 
1843 1851 1.0 1850 1.0 
1844 1847 1.0 
1845 1850 2.0 1852 1.0 
1846 
1847 
1848 1853 1.0 1854 1.0 
1849 
1850 1855 1.0 
1851 
1852 
1853 
1854 1857 1.0 1856 1.0 
1855 
1856 1860 1.0 1859 1.0 1858 1.0 
1857 1861 1.0 1863 1.0 1862 1.0 
1858 
1859 
1860 
1861 
1862 
1863 
1864 1867 1.0 1865 1.0 1866 1.0 1868 1.0 
1865 
1866 
1867 
1868 1870 1.0 1869 1.0 
1869 1873 1.0 1871 1.0 1872 1.0 
1870 1874 1.0 1875 1.0 
1871 
1872 
1873 
1874 1876 1.0 1877 2.0 
1875 
1876 
1877 1878 1.0 1879 1.0 
1878 1881 1.0 1880 2.0 
1879 
1880 1883 1.0 1884 1.0 
1881 1885 2.0 1886 1.0 
1882 1884 1.0 
1883 1887 2.0 1888 1.0 
1884 
1885 1889 1.0 1887 1.0 
1886 
1887 1890 1.0 
1888 
1889 
1890 
1891 1893 1.0 1894 1.0 1892 1.0 
1892 1895 2.0 1896 1.0 
1893 
1894 1898 1.0 1897 1.0 
1895 1900 1.0 1899 1.0 
1896 
1897 1903 1.0 1902 1.0 1901 1.0 
1898 1904 1.0 1906 1.0 1905 1.0 
1899 1907 1.0 1908 2.0 
1900 
1901 
1902 
1903 
1904 
1905 
1906 
1907 1911 1.0 1910 2.0 
1908 1913 1.0 1912 1.0 
1909 1911 1.0 
1910 1915 1.0 1914 1.0 
1911 
1912 1914 2.0 1916 1.0 
1913 
1914 1917 1.0 
1915 
1916 
1917 
1918 1921 1.0 1919 1.0 1920 1.0 1922 1.0 
1919 
1920 
1921 
1922 1924 1.0 1923 1.0 
1923 1927 1.0 1925 1.0 1926 1.0 
1924 1928 1.0 1929 1.0 
1925 
1926 
1927 
1928 1930 1.0 1931 2.0 
1929 
1930 
1931 1932 1.0 1933 1.0 
1932 1935 1.0 1934 2.0 
1933 
1934 1937 1.0 1938 1.0 
1935 1939 2.0 1940 1.0 
1936 1938 1.0 
1937 1941 2.0 1942 1.0 
1938 
1939 1943 1.0 1941 1.0 
1940 
1941 1944 1.0 
1942 
1943 
1944 
1945 1946 2.0 1948 1.0 1947 1.0 
1946 1950 1.0 1949 1.0 
1947 1951 2.0 1952 1.0 
1948 
1949 1953 1.0 1954 2.0 
1950 1956 1.0 1955 2.0 
1951 1955 1.0 1957 1.0 
1952 
1953 
1954 1959 1.0 1960 1.0 
1955 1961 1.0 
1956 1958 1.0 
1957 
1958 
1959 1962 1.0 1963 1.0 
1960 
1961 
1962 
1963 1965 1.0 1964 1.0 
1964 1968 1.0 1967 1.0 1966 1.0 
1965 1969 1.0 1971 1.0 1970 1.0 
1966 
1967 
1968 
1969 
1970 
1971 
1972 1974 1.0 1973 1.0 1975 2.0 
1973 1976 1.0 1977 2.0 
1974 1979 1.0 1978 2.0 
1975 1981 1.0 1980 1.0 
1976 
1977 1983 1.0 1984 1.0 
1978 1986 1.0 1985 1.0 
1979 1982 1.0 
1980 1985 2.0 1987 1.0 
1981 
1982 
1983 1988 1.0 1989 1.0 
1984 
1985 1990 1.0 
1986 
1987 
1988 
1989 1992 1.0 1991 1.0 
1990 
1991 1995 1.0 1994 1.0 1993 1.0 
1992 1996 1.0 1998 1.0 1997 1.0 
1993 
1994 
1995 
1996 
1997 
1998 
1999 2002 1.0 2000 1.0 2001 1.0 2003 1.0 
2000 
2001 
2002 
2003 2005 1.0 2004 1.0 
2004 2008 1.0 2006 1.0 2007 1.0 
2005 2009 1.0 2010 1.0 
2006 
2007 
2008 
2009 2011 1.0 2012 2.0 
2010 
2011 
2012 2013 1.0 2014 1.0 
2013 2016 1.0 2015 2.0 
2014 
2015 2018 1.0 2019 1.0 
2016 2020 2.0 2021 1.0 
2017 2019 1.0 
2018 2022 2.0 2023 1.0 
2019 
2020 2024 1.0 2022 1.0 
2021 
2022 2025 1.0 
2023 
2024 
2025 
2026 2028 1.0 2027 1.0 2029 2.0 
2027 2030 1.0 2031 2.0 
2028 2033 1.0 2032 2.0 
2029 2035 1.0 2034 1.0 
2030 
2031 2037 1.0 2038 1.0 
2032 2040 1.0 2039 1.0 
2033 2036 1.0 
2034 2039 2.0 2041 1.0 
2035 
2036 
2037 2042 1.0 2043 1.0 
2038 
2039 2044 1.0 
2040 
2041 
2042 
2043 2046 1.0 2045 1.0 
2044 
2045 2049 1.0 2048 1.0 2047 1.0 
2046 2050 1.0 2052 1.0 2051 1.0 
2047 
2048 
2049 
2050 
2051 
2052 
2053 2056 1.0 2054 1.0 2055 1.0 2057 1.0 
2054 
2055 
2056 
2057 2059 1.0 2058 1.0 
2058 2062 1.0 2060 1.0 2061 1.0 
2059 2063 1.0 2064 1.0 
2060 
2061 
2062 
2063 2065 1.0 2066 2.0 
2064 
2065 
2066 2067 1.0 2068 1.0 
2067 2070 1.0 2069 2.0 
2068 
2069 2072 1.0 2073 1.0 
2070 2074 2.0 2075 1.0 
2071 2073 1.0 
2072 2076 2.0 2077 1.0 
2073 
2074 2078 1.0 2076 1.0 
2075 
2076 2079 1.0 
2077 
2078 
2079 
2080 2081 1.0 2082 1.0 
2081 
2082 2085 2.0 2084 1.0 
2083 2086 1.0 
2084 2086 1.0 2087 2.0 
2085 2088 1.0 2089 1.0 
2086 2090 2.0 
2087 2092 1.0 2091 1.0 
2088 
2089 2093 1.0 2091 2.0 
2090 2094 1.0 2095 1.0 
2091 2096 1.0 
2092 
2093 
2094 2097 1.0 2098 1.0 
2095 
2096 
2097 
2098 2100 1.0 2099 1.0 
2099 2103 1.0 2102 1.0 2101 1.0 
2100 2104 1.0 2105 1.0 2106 1.0 
2101 
2102 
2103 
2104 
2105 
2106 
2107 2108 1.0 
2108 2109 1.0 2110 2.0 
2109 2111 2.0 2112 1.0 
2110 2113 1.0 2114 1.0 
2111 2116 1.0 2115 1.0 
2112 
2113 2115 2.0 2117 1.0 
2114 
2115 2118 1.0 
2116 2119 1.0 
2117 
2118 2120 1.0 2121 2.0 
2119 
2120 
2121 2122 1.0 2123 1.0 
2122 2124 1.0 2125 1.0 
2123 
2124 
2125 2127 1.0 2126 1.0 
2126 2130 1.0 2129 1.0 2128 1.0 
2127 2131 1.0 2133 1.0 2132 1.0 
2128 
2129 
2130 
2131 
2132 
2133 
2134 2136 1.0 2135 1.0 2137 2.0 
2135 2138 1.0 2139 2.0 
2136 2141 1.0 2140 2.0 
2137 2143 1.0 2142 1.0 
2138 
2139 2145 1.0 2146 1.0 
2140 2148 1.0 2147 1.0 
2141 2144 1.0 
2142 2147 2.0 2149 1.0 
2143 
2144 
2145 2150 1.0 2151 1.0 
2146 
2147 2152 1.0 
2148 
2149 
2150 
2151 2154 1.0 2153 1.0 
2152 
2153 2157 1.0 2156 1.0 2155 1.0 
2154 2158 1.0 2160 1.0 2159 1.0 
2155 
2156 
2157 
2158 
2159 
2160 
2161 2165 1.0 2164 1.0 2162 1.0 2163 1.0 
2162 
2163 
2164 
2165 2166 1.0 2167 1.0 
2166 2170 1.0 2168 1.0 2169 1.0 
2167 2171 1.0 2172 1.0 
2168 
2169 
2170 
2171 2173 1.0 2174 2.0 
2172 
2173 
2174 2175 1.0 2176 1.0 
2175 2178 1.0 2177 2.0 
2176 
2177 2180 1.0 2181 1.0 
2178 2182 2.0 2183 1.0 
2179 2181 1.0 
2180 2184 2.0 2185 1.0 
2181 
2182 2186 1.0 2184 1.0 
2183 
2184 2187 1.0 
2185 
2186 
2187 
2188 2190 1.0 2189 1.0 2191 2.0 
2189 2192 1.0 2193 2.0 
2190 2195 1.0 2194 2.0 
2191 2197 1.0 2196 1.0 
2192 
2193 2199 1.0 2200 1.0 
2194 2202 1.0 2201 1.0 
2195 2198 1.0 
2196 2201 2.0 2203 1.0 
2197 
2198 
2199 2204 1.0 2205 1.0 
2200 
2201 2206 1.0 
2202 
2203 
2204 
2205 2208 1.0 2207 1.0 
2206 
2207 2211 1.0 2210 1.0 2209 1.0 
2208 2212 1.0 2214 1.0 2213 1.0 
2209 
2210 
2211 
2212 
2213 
2214 
2215 2218 1.0 2216 1.0 2217 1.0 2219 1.0 
2216 
2217 
2218 
2219 2221 1.0 2220 1.0 
2220 2224 1.0 2222 1.0 2223 1.0 
2221 2225 1.0 2226 1.0 
2222 
2223 
2224 
2225 2227 1.0 2228 2.0 
2226 
2227 
2228 2229 1.0 2230 1.0 
2229 2232 1.0 2231 2.0 
2230 
2231 2234 1.0 2235 1.0 
2232 2236 2.0 2237 1.0 
2233 2235 1.0 
2234 2238 2.0 2239 1.0 
2235 
2236 2240 1.0 2238 1.0 
2237 
2238 2241 1.0 
2239 
2240 
2241 
